8.017809023467809482e+01
5.203770747160911725e+01
6.230090789562427744e+01
4.442820325476515109e+01
1.006076548060752600e+02
9.641356707776526491e+01
8.960007383025639172e+01
3.539096126165777179e+01
3.494776275111375696e+01
3.577295909625157577e+01
3.539073820885194266e+01
3.494776275111375696e+01
0.000000000000000000e+00
0.000000000000000000e+00
0.000000000000000000e+00
0.000000000000000000e+00
0.000000000000000000e+00
0.000000000000000000e+00
4.883588093494686433e+01
4.906760886885665940e+01
7.161277277562152221e+01
7.161277277562152221e+01
0.000000000000000000e+00
0.000000000000000000e+00
4.883588093494686433e+01
6.497597605070491511e+01
6.986556010884747536e+01
7.161277277562152221e+01
0.000000000000000000e+00
0.000000000000000000e+00
0.000000000000000000e+00
0.000000000000000000e+00
0.000000000000000000e+00
0.000000000000000000e+00
0.000000000000000000e+00
0.000000000000000000e+00
1.358515463178089817e+02
1.162793251064348112e+02
7.120435004154109038e+01
7.906424274262431595e+01
1.339142209905872107e+02
7.228490347383140602e+01
1.883059377740408138e+02
1.701448319639440001e+02
1.283308802331986556e+02
1.279289824013428074e+02
1.317663355399871818e+02
0.000000000000000000e+00
0.000000000000000000e+00
0.000000000000000000e+00
0.000000000000000000e+00
0.000000000000000000e+00
0.000000000000000000e+00
0.000000000000000000e+00
5.449378039401921825e+01
3.113369084358523864e+01
4.157026704197082267e+01
3.706459293852282144e+01
4.485819596037588042e+01
5.347785101720632639e+01
0.000000000000000000e+00
0.000000000000000000e+00
1.228529084499614896e+02
1.228529084499614896e+02
0.000000000000000000e+00
0.000000000000000000e+00
0.000000000000000000e+00
0.000000000000000000e+00
0.000000000000000000e+00
0.000000000000000000e+00
0.000000000000000000e+00
0.000000000000000000e+00
0.000000000000000000e+00
0.000000000000000000e+00
0.000000000000000000e+00
0.000000000000000000e+00
0.000000000000000000e+00
0.000000000000000000e+00
2.776150886224626646e+01
2.776150886224626646e+01
2.776150886224626646e+01
2.776150886224626646e+01
2.776150886224626646e+01
2.776150886224626646e+01
2.776150886224626646e+01
2.776150886224626646e+01
0.000000000000000000e+00
0.000000000000000000e+00
0.000000000000000000e+00
0.000000000000000000e+00
2.598490205913237361e+01
2.598490205913237361e+01
2.598490205913237361e+01
2.598490205913237361e+01
2.598490205913237361e+01
2.063170760217192168e+01
2.598490205913237361e+01
2.598490205913237361e+01
2.598490205913237361e+01
2.315930585392165142e+01
1.228915654783373412e+01
1.312482475901051160e+01
0.000000000000000000e+00
0.000000000000000000e+00
0.000000000000000000e+00
1.116626612452997769e+01
0.000000000000000000e+00
0.000000000000000000e+00
4.615543222222277819e+01
4.615543222222277819e+01
4.615543222222277819e+01
4.615543222222277819e+01
4.615543222222277819e+01
4.615543222222277819e+01
0.000000000000000000e+00
0.000000000000000000e+00
0.000000000000000000e+00
4.615543222222277819e+01
4.615543222222277819e+01
4.615543222222277819e+01
0.000000000000000000e+00
0.000000000000000000e+00
0.000000000000000000e+00
0.000000000000000000e+00
0.000000000000000000e+00
0.000000000000000000e+00
0.000000000000000000e+00
0.000000000000000000e+00
0.000000000000000000e+00
0.000000000000000000e+00
0.000000000000000000e+00
0.000000000000000000e+00
2.731863637762172914e+01
2.731863637762172914e+01
2.731863637762172914e+01
2.731863637762172914e+01
2.731863637762172914e+01
0.000000000000000000e+00
0.000000000000000000e+00
0.000000000000000000e+00
2.731863637762172914e+01
2.731863637762172914e+01
0.000000000000000000e+00
0.000000000000000000e+00
0.000000000000000000e+00
0.000000000000000000e+00
0.000000000000000000e+00
4.822144013210778724e+01
6.795311497364133402e+01
8.143270521527554706e+01
0.000000000000000000e+00
0.000000000000000000e+00
0.000000000000000000e+00
0.000000000000000000e+00
0.000000000000000000e+00
5.630420066241519095e+01
0.000000000000000000e+00
0.000000000000000000e+00
0.000000000000000000e+00
0.000000000000000000e+00
0.000000000000000000e+00
0.000000000000000000e+00
0.000000000000000000e+00
0.000000000000000000e+00
0.000000000000000000e+00
0.000000000000000000e+00
0.000000000000000000e+00
0.000000000000000000e+00
1.120439662780579049e+01
1.120439662780579049e+01
1.356985848908627190e+01
1.809545848133204871e+01
1.809545848133204871e+01
1.809545848133204871e+01
1.120439662780579049e+01
1.124257052463197937e+01
1.777782044736706624e+01
1.809545848133204871e+01
0.000000000000000000e+00
0.000000000000000000e+00
0.000000000000000000e+00
0.000000000000000000e+00
0.000000000000000000e+00
2.280499758335194826e+01
2.280499758335194826e+01
2.280499758335194826e+01
2.280499758335194826e+01
2.280499758335194826e+01
2.280499758335194826e+01
2.280499758335194826e+01
2.280499758335194826e+01
2.280499758335194826e+01
2.280499758335194826e+01
2.280499758335194826e+01
2.280499758335194826e+01
2.280499758335194826e+01
2.280499758335194826e+01
0.000000000000000000e+00
0.000000000000000000e+00
0.000000000000000000e+00
0.000000000000000000e+00
8.519715510190431473e+01
8.519715510190431473e+01
8.519715510190431473e+01
0.000000000000000000e+00
0.000000000000000000e+00
0.000000000000000000e+00
0.000000000000000000e+00
8.519715510190431473e+01
8.519715510190431473e+01
0.000000000000000000e+00
0.000000000000000000e+00
0.000000000000000000e+00
0.000000000000000000e+00
0.000000000000000000e+00
0.000000000000000000e+00
0.000000000000000000e+00
0.000000000000000000e+00
0.000000000000000000e+00
0.000000000000000000e+00
0.000000000000000000e+00
0.000000000000000000e+00
0.000000000000000000e+00
2.515149136670860130e+01
2.515149136670860130e+01
2.515149136670860130e+01
2.515149136670860130e+01
0.000000000000000000e+00
0.000000000000000000e+00
0.000000000000000000e+00
2.515149136670860130e+01
2.515149136670860130e+01
0.000000000000000000e+00
0.000000000000000000e+00
0.000000000000000000e+00
0.000000000000000000e+00
0.000000000000000000e+00
2.247092670733121622e+01
0.000000000000000000e+00
0.000000000000000000e+00
0.000000000000000000e+00
2.247092670733121622e+01
2.247092670733121622e+01
2.247092670733121622e+01
2.247092670733121622e+01
2.247092670733121622e+01
2.247092670733121622e+01
2.247092670733121622e+01
2.247092670733121622e+01
2.247092670733121622e+01
0.000000000000000000e+00
0.000000000000000000e+00
0.000000000000000000e+00
0.000000000000000000e+00
0.000000000000000000e+00
0.000000000000000000e+00
0.000000000000000000e+00
0.000000000000000000e+00
0.000000000000000000e+00
1.809545848133204871e+01
1.809545848133204871e+01
1.809545848133204871e+01
0.000000000000000000e+00
0.000000000000000000e+00
0.000000000000000000e+00
0.000000000000000000e+00
0.000000000000000000e+00
1.809545848133204871e+01
0.000000000000000000e+00
0.000000000000000000e+00
0.000000000000000000e+00
0.000000000000000000e+00
0.000000000000000000e+00
0.000000000000000000e+00
0.000000000000000000e+00
0.000000000000000000e+00
3.255781981484015830e+01
3.255781981484015830e+01
2.910351500427525906e+01
2.102835705914280950e+01
1.814127065192643329e+01
1.809545848133204871e+01
0.000000000000000000e+00
3.255781981484015830e+01
3.255781981484015830e+01
1.916195378678779804e+01
0.000000000000000000e+00
0.000000000000000000e+00
0.000000000000000000e+00
0.000000000000000000e+00
0.000000000000000000e+00
0.000000000000000000e+00
0.000000000000000000e+00
0.000000000000000000e+00
0.000000000000000000e+00
0.000000000000000000e+00
0.000000000000000000e+00
1.036009113137119542e+01
0.000000000000000000e+00
0.000000000000000000e+00
0.000000000000000000e+00
1.036009113137119542e+01
1.036009113137119542e+01
0.000000000000000000e+00
0.000000000000000000e+00
0.000000000000000000e+00
4.370427554970505923e+01
4.370427554970505923e+01
4.370427554970505923e+01
4.370427554970505923e+01
4.370427554970505923e+01
4.370427554970505923e+01
4.370427554970505923e+01
4.370427554970505923e+01
4.370427554970505923e+01
4.370427554970505923e+01
4.370427554970505923e+01
4.370427554970505923e+01
4.370427554970505923e+01
4.370427554970505923e+01
4.370427554970505923e+01
4.370427554970505923e+01
0.000000000000000000e+00
0.000000000000000000e+00
0.000000000000000000e+00
0.000000000000000000e+00
0.000000000000000000e+00
1.635760086785862200e+01
1.635760086785862200e+01
1.635760086785862200e+01
0.000000000000000000e+00
0.000000000000000000e+00
0.000000000000000000e+00
0.000000000000000000e+00
0.000000000000000000e+00
0.000000000000000000e+00
0.000000000000000000e+00
0.000000000000000000e+00
0.000000000000000000e+00
0.000000000000000000e+00
0.000000000000000000e+00
0.000000000000000000e+00
0.000000000000000000e+00
0.000000000000000000e+00
0.000000000000000000e+00
0.000000000000000000e+00
0.000000000000000000e+00
0.000000000000000000e+00
0.000000000000000000e+00
0.000000000000000000e+00
0.000000000000000000e+00
0.000000000000000000e+00
0.000000000000000000e+00
0.000000000000000000e+00
0.000000000000000000e+00
0.000000000000000000e+00
0.000000000000000000e+00
0.000000000000000000e+00
0.000000000000000000e+00
0.000000000000000000e+00
3.203738405315878879e+01
3.203738405315878879e+01
3.203738405315878879e+01
3.203738405315878879e+01
3.203738405315878879e+01
3.203738405315878879e+01
3.203738405315878879e+01
3.203738405315878879e+01
3.203738405315878879e+01
3.203738405315878879e+01
3.203738405315878879e+01
3.203738405315878879e+01
0.000000000000000000e+00
0.000000000000000000e+00
0.000000000000000000e+00
0.000000000000000000e+00
0.000000000000000000e+00
0.000000000000000000e+00
4.136493863841903362e+01
1.022648170034141657e+01
2.655482370479900212e+00
0.000000000000000000e+00
0.000000000000000000e+00
0.000000000000000000e+00
3.363550348984188076e+01
2.357852099598547468e+01
2.747732598935888149e+01
5.325636968706783847e+01
0.000000000000000000e+00
0.000000000000000000e+00
0.000000000000000000e+00
0.000000000000000000e+00
0.000000000000000000e+00
0.000000000000000000e+00
0.000000000000000000e+00
0.000000000000000000e+00
5.597698371621389413e+01
0.000000000000000000e+00
0.000000000000000000e+00
0.000000000000000000e+00
0.000000000000000000e+00
0.000000000000000000e+00
5.597698371621389413e+01
5.597698371621389413e+01
5.597698371621389413e+01
5.597698371621389413e+01
5.597698371621389413e+01
5.597698371621389413e+01
5.597698371621389413e+01
5.597698371621389413e+01
0.000000000000000000e+00
0.000000000000000000e+00
0.000000000000000000e+00
0.000000000000000000e+00
0.000000000000000000e+00
0.000000000000000000e+00
0.000000000000000000e+00
0.000000000000000000e+00
0.000000000000000000e+00
0.000000000000000000e+00
2.147015068035309326e+01
2.147015068035309326e+01
2.147015068035309326e+01
2.147015068035309326e+01
2.147015068035309326e+01
0.000000000000000000e+00
2.147015068035309326e+01
2.147015068035309326e+01
2.147015068035309326e+01
2.147015068035309326e+01
0.000000000000000000e+00
0.000000000000000000e+00
1.070841556285047069e+01
1.070841556285047069e+01
1.070841556285047069e+01
1.070841556285047069e+01
1.070841556285047069e+01
1.070841556285047069e+01
1.070841556285047069e+01
1.070841556285047069e+01
1.070841556285047069e+01
1.070841556285047069e+01
1.070841556285047069e+01
0.000000000000000000e+00
0.000000000000000000e+00
0.000000000000000000e+00
0.000000000000000000e+00
0.000000000000000000e+00
0.000000000000000000e+00
0.000000000000000000e+00
7.636922389904945874e+01
7.636922389904945874e+01
7.636922389904945874e+01
7.636922389904945874e+01
7.636922389904945874e+01
7.544550821109612571e+01
0.000000000000000000e+00
0.000000000000000000e+00
0.000000000000000000e+00
0.000000000000000000e+00
0.000000000000000000e+00
0.000000000000000000e+00
0.000000000000000000e+00
0.000000000000000000e+00
0.000000000000000000e+00
0.000000000000000000e+00
0.000000000000000000e+00
0.000000000000000000e+00
1.197396488567763484e+01
2.660239076402790559e+01
2.894731353806268004e+01
2.759660926181592799e+01
2.504543025730847461e+01
2.815530291888521575e+01
1.583756330381529409e+01
1.693263807246501074e+01
1.865468560706185031e+01
2.146687420597850249e+01
2.358385733072110213e+01
5.246356175059170113e+01
1.588079269552416051e+01
1.166345593741078268e+01
1.143202497731527956e+01
1.139370505608288120e+01
0.000000000000000000e+00
0.000000000000000000e+00
0.000000000000000000e+00
0.000000000000000000e+00
8.230361556944293966e+01
8.133013212122916968e+01
7.213107641661373748e+01
2.759665626682246042e+01
5.324772150750558808e+01
5.324772150750558808e+01
5.324772150750558808e+01
8.350465837360884791e+01
8.427542730978893815e+01
8.427542730978893815e+01
5.843495919651813608e+01
7.403055152519486626e+01
8.427542730978893815e+01
8.427542730978893815e+01
0.000000000000000000e+00
0.000000000000000000e+00
0.000000000000000000e+00
0.000000000000000000e+00
0.000000000000000000e+00
0.000000000000000000e+00
0.000000000000000000e+00
0.000000000000000000e+00
0.000000000000000000e+00
0.000000000000000000e+00
0.000000000000000000e+00
1.838175628671783102e+01
1.838175628671783102e+01
0.000000000000000000e+00
0.000000000000000000e+00
0.000000000000000000e+00
0.000000000000000000e+00
0.000000000000000000e+00
0.000000000000000000e+00
0.000000000000000000e+00
0.000000000000000000e+00
0.000000000000000000e+00
0.000000000000000000e+00
2.557267373534553201e+01
2.998296899342809496e+01
5.366245481229445602e+01
0.000000000000000000e+00
0.000000000000000000e+00
1.579375961456426225e+01
1.614062753704397224e+01
1.864911295568090210e+01
2.429129832451304338e+01
0.000000000000000000e+00
0.000000000000000000e+00
1.583699807820080352e+01
1.810138412997650548e+01
0.000000000000000000e+00
0.000000000000000000e+00
0.000000000000000000e+00
0.000000000000000000e+00
0.000000000000000000e+00
0.000000000000000000e+00
0.000000000000000000e+00
0.000000000000000000e+00
0.000000000000000000e+00
0.000000000000000000e+00
0.000000000000000000e+00
0.000000000000000000e+00
0.000000000000000000e+00
0.000000000000000000e+00
0.000000000000000000e+00
0.000000000000000000e+00
0.000000000000000000e+00
0.000000000000000000e+00
0.000000000000000000e+00
0.000000000000000000e+00
0.000000000000000000e+00
0.000000000000000000e+00
0.000000000000000000e+00
0.000000000000000000e+00
0.000000000000000000e+00
0.000000000000000000e+00
2.131742061000281296e+01
2.131742061000281296e+01
2.131742061000281296e+01
2.131742061000281296e+01
2.131742061000281296e+01
2.131742061000281296e+01
2.131742061000281296e+01
2.131742061000281296e+01
0.000000000000000000e+00
0.000000000000000000e+00
0.000000000000000000e+00
0.000000000000000000e+00
